202
2765
5304
9914
4458
3587
1483
5935
1261
3484
3073
9837
1753
9002
6044
6225
7478
9006
7395
8997
9616
2062
9011
136
1961
9282
8987
2890
8754
8301
5451
3438
7578
9128
708
7982
8564
4107
7736
4953
4132
6066
9338
3653
3299
2331
5751
2565
9228
2521
1595
6020
9467
2277
5514
2651
1913
6630
64
9949
2257
6166
8017
4305
6908
2496
9348
3710
2100
6319
192
2050
2968
7133
3912
7680
8867
1884
6151
3989
5376
9849
8498
6214
3866
7243
1886
4635
1067
2604
2038
2305
9948
9478
9067
7712
3844
8993
4501
510
5565
3372
2642
7309
1613
6657
2411
2074
7274
3586
7552
860
7216
4689
854
9329
9774
7613
1736
7027
6893
3584
2232
4527
3631
8674
3436
1430
9259
793
2306
9953
7178
4498
5620
6869
6883
6350
7876
3739
2811
2736
7903
4628
6182
622
9863
9773
4330
8133
397
5263
9226
6254
5443
8964
3592
5124
9730
490
5010
3529
4097
6749
3135
5255
266
5394
3600
4696
2228
5564
5723
2394
6544
7690
106
3476
5150
6932
39
8813
6967
2281
5996
9627
6699
1391
9791
7388
7162
2695
9686
500
1989
6260
620
9702
4980
8874
7317
2266
8285
358
8845
1047
4297
4593
2415
4068
6001
2435
7225
8238
9416
8165
6752
9069
6233
9070
1355
5244
1064
8095
3579
6249
5292
3590
3762
9461
5202
5026
5054
8136
1518
8442
2194
3542
918
5618
4128
42
9884
4270
4374
9689
5196
6992
1061
4368
7547
933
6439
7171
5033
5482
9570
986
4043
4134
4013
2195
3458
1435
8952
4288
3186
6483
9896
5884
5869
4981
273
3422
8045
5539
4660
7524
9553
3145
1026
6199
2137
9902
9538
4346
9928
8634
5411
3039
5
5750
939
666
5680
7858
8088
3278
1083
9146
2322
7946
4637
7607
4139
5562
8910
1053
2625
2207
1627
2824
9845
1291
5110
8553
8152
6521
1142
8128
493
9541
8328
4397
3765
5040
5891
6553
9099
1932
6702
6014
9942
7110
7710
7997
1580
9273
4830
728
4400
8155
7883
1196
4491
6405
4364
5021
2750
1482
9314
1614
8978
9741
9889
674
4219
3349
7512
353
2438
3826
2942
7194
3386
1889
4479
8849
7915
3357
3154
8695
7582
8572
8310
4008
2945
8475
2220
5721
2897
2785
3622
5268
2924
3130
9450
4850
8783
974
423
4035
8429
7024
4917
7909
1471
1035
6529
2802
635
9136
9760
2002
2167
9295
4234
8892
507
2019
7195
2822
3401
782
6799
3818
461
4578
9618
306
2977
8099
1301
7192
3024
8484
6861
7546
6119
3990
6417
1044
6036
7749
9971
24
6914
5904
6340
3879
4263
3200
3629
2404
4896
797
4715
8263
2754
6651
649
8480
691
914
7445
6437
1112
1215
4342
5962
4164
5435
4505
2875
1743
701
3566
9032
5717
96
8005
9081
582
6219
4835
878
6095
2340
1731
8421
7707
5769
1151
3117
1951
8198
3865
4600
6667
4773
4083
3918
546
2252
1993
7630
8080
5900
3119
8671
3683
756
4919
6409
3524
727
9668
9414
2492
8704
418
1676
2367
6642
6188
6391
6841
6144
702
2323
2007
5271
8769
1239
4640
1275
9748
8896
7121
7129
4225
2014
8975
9233
7156
9419
9510
6187
4196
3968
3895
1284
8299
695
8913
9343
575
5245
3744
2247
1983
4677
8559
7938
460
2884
3938
2839
3959
1776
8175
5471
7131
2836
6730
7814
5369
565
2150
3853
2047
7109
2973
9763
6951
1267
4813
7009
2199
1801
18
1216
4864
3557
99
5774
6345
969
9583
1679
7065
9484
770
4727
4289
6456
3324
8972
9642
2396
9547
2388
5760
2566
7984
9549
5850
5247
3847
6049
8424
7263
7472
1606
9279
3076
7091
4089
6706
2910
4292
3934
2245
848
35
6595
9747
1520
858
6053
4684
1771
6240
8612
1906
9465
8751
8240
1890
8021
4582
6480
6185
292
9687
7620
3293
8912
9052
2819
6769
2385
4325
1572
733
9766
8814
2855
3819
1822
8963
5406
8755
2427
6924
5919
8568
8558
5599
9283
894
8950
9869
613
9980
8985
4210
2845
3094
868
9822
7693
7794
8135
4238
4447
4592
535
3737
9303
3492
1843
7124
2869
3515
2416
9350
1804
985
5608
3378
2332
325
4482
4436
290
5052
3514
5356
3752
7918
1080
6925
5119
5450
5093
7816
5127
7778
9097
1094
2196
808
1332
405
329
9698
8248
5535
1827
9417
8778
663
2321
3211
2453
9704
8378
2992
8785
241
5511
9257
6402
528
7925
8627
6944
7935
9769
832
8632
1760
6751
1995
8220
1610
3010
5720
3124
1684
3255
1773
7673
4243
2984
3259
235
1297
5453
3783
9191
5781
8573
1282
5250
5198
8504
420
6543
1874
8081
692
5007
6410
4387
5212
3605
8342
2901
7989
5045
3348
6098
9249
6057
9353
8336
4774
6496
532
6002
8690
9524
1997
8000
5913
960
6341
9759
1234
4377
6603
7089
7568
4517
9915
3243
5956
9517
4747
9718
5028
6916
3636
825
7889
6777
8213
3389
1735
3792
1924
6464
4187
5087
2512
2920
4530
4042
6250
4703
2706
1406
224
3552
6446
8243
4720
8994
5444
2708
7965
8774
2906
476
5417
8018
1683
4597
8663
5445
3858
2913
8579
488
6782
1721
7485
9807
8246
573
2392
8154
4022
7634
5404
6432
6287
5371
3937
8185
2727
509
5957
5256
5023
9599
443
559
4401
62
9657
943
737
3046
6615
7333
4287
1351
5963
2645
8565
1901
5510
3445
697
5589
4598
7608
1885
3408
1815
3884
4749
4432
5645
7281
3265
3746
1909
8635
6074
4126
5141
9617
4536
764
4294
1300
3926
2402
4623
9551
6719
5136
5566
749
991
496
6781
4197
5902
8942
9673
8315
6772
196
2163
4281
5727
7699
2529
8270
2230
2399
8183
8645
7793
6190
997
1796
6582
7843
3643
451
8134
9036
417
6455
9017
1503
761
3969
5229
5811
7207
8216
7655
675
1155
1588
7859
6505
4547
7756
1873
1207
5607
2156
191
6427
2669
2686
5575
945
6740
7652
1551
4824
3100
614
3127
5101
9218
5636
9035
5580
3615
4213
9439
4255
841
1224
8584
8394
9372
8433
1946
3534
364
3161
4450
754
1707
3326
641
517
4699
4740
5022
262
9690
7955
592
9753
3441
8731
2158
479
6896
3957
4541
110
8108
4194
9454
9865
7618
9391
2917
5880
9294
2737
73
311
5512
4507
4296
2564
9489
9777
4767
5587
6716
5413
5348
1925
5569
435
5546
5981
1071
6989
1844
7191
7789
9582
7328
3644
4099
6949
5908
7995
7769
9565
5653
7066
220
6585
3700
1170
8803
5017
1738
3994
6486
3181
4751
3569
3979
7628
8834
278
6688
2888
4092
9420
1704
1444
1553
1939
516
8616
8965
354
3086
7622
6234
7097
2479
4020
3337
8083
4467
6265
2350
6547
5261
1729
9158
4012
4624
5219
4754
1211
589
4793
3769
9291
1666
7082
2825
2859
2198
3952
3216
3085
2557
5637
5484
2316
8015
1045
5323
4256
2602
3312
8957
8871
7379
9388
4494
8590
4044
1241
3943
7701
4956
2509
8066
1868
8309
7867
6895
9548
9077
4414
3415
6221
2571
1900
3577
3254
923
6755
501
4098
7682
8548
3284
8918
1230
9268
22
790
8626
3949
2025
6292
9563
6154
3620
3
3188
3280
7416
4734
411
5918
8577
480
9575
892
1878
4363
7950
7139
9681
401
1472
9356
7792
7906
4848
4240
6842
6172
6494
1328
6822
1559
9333
7350
5830
8816
9326
1119
9341
8159
5275
9907
6669
6040
9180
8877
5612
4577
4104
365
942
3609
7645
8101
7629
4898
4070
8542
380
1150
9061
1842
9634
7872
7803
2238
5831
7853
4277
7786
2574
1054
2555
7559
3083
6264
9564
5067
1854
9059
7208
9927
3099
8486
3413
9516
1620
2449
6813
3403
1385
4119
704
7421
9094
3291
3061
1487
2867
3217
931
5308
6132
4143
7674
2111
1948
2369
2057
1004
1326
13
9378
9340
7064
865
8386
7506
7148
2102
9745
7202
7625
1466
9929
2065
6081
5426
264
8461
6879
7893
4404
4389
3354
1448
6649
8372
8189
3751
3335
879
5419
3234
3321
4602
4843
2129
1411
7964
9557
5047
6189
4183
3543
8387
8097
7869
373
6167
7410
5187
7899
5772
5477
3196
2422
5188
3137
6638
7330
1303
3037
4352
351
4712
2028
1051
7047
1149
8143
1725
1318
4905
8006
7105
63
1148
6051
8362
4379
9734
3780
5742
2206
6364
4145
3120
2853
2079
4674
8602
4046
7697
6043
2173
2493
9542
1169
7787
1965
6413
1032
7234
4131
1354
6117
5228
4928
3367
95
1898
574
1624
3270
7961
1218
1764
1027
7153
2735
5206
9831
3776
6965
6274
7658
1509
5656
2154
5428
5300
6586
6181
2344
3974
6065
4952
724
1479
3836
8679
1539
9644
1893
9068
5289
652
866
994
8524
5295
3478
371
8625
7585
7140
7910
3652
2303
7043
5499
3694
8346
688
8733
4246
4926
1960
4037
5829
6347
8887
7795
162
7090
3691
6632
6682
4510
2743
8622
5398
9118
7791
4062
5745
2600
714
6206
6946
5469
7741
9164
8002
2667
6913
3277
8716
279
3260
3047
9660
4212
7327
4976
7503
624
6915
3958
7526
1789
7804
1255
8991
3789
2624
5530
9637
9412
8543
1881
3831
212
7998
228
6272
9252
5123
6438
9460
6824
2761
6551
8168
5855
6633
9135
5616
2683
1295
3523
8294
8703
4857
977
4348
876
6780
1254
7518
5762
4338
4846
2654
3176
9947
3437
5168
9047
829
8036
276
4010
8016
395
6823
9607
1296
9879
3339
3554
4402
6617
8909
8008
6741
9609
7948
1619
6180
6616
2097
7023
9060
6663
6937
856
3812
4428
1870
6329
4418
647
730
7536
9976
9137
1263
4502
1645
3870
1097
8844
3613
3656
1016
5372
6770
2048
9611
8242
1363
5352
5066
5396
7235
711
2517
9120
9818
6304
1907
5540
7923
3228
199
7759
5697
2095
6108
7061
6244
8920
1831
1669
8343
2300
6473
8450
611
6246
1848
6664
3316
3632
7491
2148
3575
5687
6734
6263
7537
6680
8706
7721
9550
8253
1747
8329
5157
5427
3854
3453
9459
4053
2518
4222
5854
2170
5611
1198
2147
9433
4376
9962
7071
7163
7262
9585
6255
1353
4704
7200
3893
6372
5501
5049
4778
3682
45
7685
8098
4556
5952
7575
2774
8022
5641
1367
4449
5951
7122
2118
3302
2882
3900
114
3972
421
7705
1535
3136
1508
2755
79
9576
5158
5953
3589
8094
1775
9988
5561
8025
3387
8462
5517
4941
8351
526
8944
8090
3371
4874
9828
9592
4759
263
9529
6890
3147
4591
8219
6691
7035
6196
9950
3129
3454
5412
8974
5991
5763
9593
8683
3754
3011
3838
5937
3772
376
7185
6135
8945
5852
8446
1433
5526
230
3465
2621
2229
725
4283
8793
2593
2234
2999
8162
7370
2704
2536
6131
9708
7068
6827
9401
6397
5715
6936
309
7028
4024
1537
9840
5240
3561
5749
5423
6789
8786
9790
1675
7668
9320
7519
2585
2072
261
5660
5724
9964
7588
1974
4831
9076
3659
4372
802
5234
3947
4907
7040
7428
2315
9796
2179
2240
4415
6440
2672
2975
6227
3021
142
257
4714
54
9176
787
7760
7890
6538
2921
4248
5548
1123
7840
1002
4478
4175
6286
9783
7230
1141
7372
9392
653
6435
3064
4670
4626
5099
4807
5732
8023
2268
9284
774
6854
5128
2569
6614
3806
3505
7060
9034
7069
6737
4025
9951
813
2944
5515
9112
9009
520
8870
6285
2064
5343
9162
8010
7541
3841
2979
5753
8647
9652
9107
6531
4888
4407
5878
4685
1926
7695
2248
6324
9827
6328
4019
2177
3654
3042
391
1943
4854
3115
36
5309
9821
301
3527
9126
9238
1022
3852
3734
2883
2680
2658
6457
2753
9784
3970
538
2249
4276
718
8393
2960
1202
4710
1186
2511
3490
3214
8380
121
1637
9170
7884
587
1214
7462
4189
8453
2995
362
53
5220
6472
1271
1879
6707
5970
499
7521
8171
2817
2291
6176
6919
8298
322
619
7062
6458
7494
1855
5849
5409
9590
795
7205
5537
1657
3231
7114
5382
4884
403
6431
9312
6451
6041
3399
7083
7422
9181
1928
4858
265
5690
260
1475
3193
1858
8828
7402
9313
2719
9266
3658
7947
776
6927
6179
7221
1438
6223
8389
3774
3546
9244
5211
8767
9406
316
7403
6703
4448
4587
445
9488
887
2581
6387
2788
3101
5390
9481
2068
2814
9870
9816
186
6718
1540
2583
4267
6806
780
9131
8648
3352
158
9695
7363
3220
5392
6540
6120
3433
9022
5500
8147
6165
8412
1935
9852
3825
1417
6
1031
8468
2823
117
8811
543
9380
157
6592
5862
3298
8899
9855
1189
2365
5433
8588
5651
8222
8865
6857
8191
7508
1798
5969
8824
2313
57
4493
5555
7039
5867
9752
8995
3164
5563
5470
5368
8518
9031
6745
689
9864
9023
285
6155
9362
6694
4738
3206
3495
7231
835
9437
7461
2491
4662
2341
183
2682
4088
4381
9140
5179
4353
9904
2916
7387
4443
5305
8819
9167
1384
3334
4810
7839
6876
4081
5883
7687
4682
4718
1942
995
763
6336
9544
919
9025
6061
101
5703
7771
4604
2359
3347
5317
9217
3318
3250
8620
4259
3409
820
2324
5125
7907
9080
8440
3070
1342
6428
9347
8153
4249
9579
3225
4797
5567
5822
4942
8947
6259
7592
4675
1338
5860
7449
3038
8327
4571
8041
428
3759
3768
8443
9445
4763
5277
390
4688
1270
8552
7321
1945
9368
3142
9876
996
955
6511
3405
3392
6210
9653
5232
5998
2259
2795
2377
8070
9571
1131
7000
6275
9407
2112
1599
908
3121
8278
394
682
762
6201
9810
1185
7289
5713
9110
6371
5557
1905
5868
7864
7920
8031
7018
4513
6815
3574
5994
5847
2738
3732
3494
5160
9331
5452
3521
5534
1341
4394
5043
7193
9352
9721
3365
7063
921
1160
7991
3904
9493
4818
1706
304
1221
2767
1223
6126
2267
9537
6068
7167
5944
1751
4869
3028
5135
4992
8404
2186
8847
1182
399
6990
8787
3888
8074
6684
3340
7392
2295
8156
1344
8330
5142
4798
6746
3770
8091
6421
2603
6375
3464
9491
2336
9156
1567
5642
7351
677
3167
65
1025
4656
7147
1262
8209
7623
2892
4816
4876
2421
5853
7304
3471
3044
8642
1691
6385
7929
1100
9750
217
132
6091
3158
6363
1618
5251
1005
8130
897
2379
3329
7848
4492
3832
597
6655
2346
1231
9104
8281
3822
2934
6948
648
5214
6750
4545
8511
9386
5267
3645
6019
3271
2472
3628
2830
4860
4784
8561
6666
5468
9014
1944
2052
5447
9733
5675
9473
9339
2657
9841
7831
1088
6971
4943
2813
7424
1055
3603
1971
5644
1076
5909
2784
551
9620
6534
9242
67
7206
8509
4147
3131
7025
2215
6013
1480
5328
8218
151
7978
5582
2670
2439
4495
2083
5707
115
9918
5139
4993
4969
9124
153
1201
1833
2601
4693
5928
4722
4405
5873
4636
7960
7837
6983
7996
46
9635
4027
3440
1217
9597
1124
1633
9335
8507
4583
4785
2223
4819
2243
8361
5014
2762
2080
8092
7059
347
2009
5230
4269
539
9155
6127
3896
4838
4254
4509
8042
6763
5576
5015
2734
2157
6067
5130
1578
8120
7584
1558
1975
2619
2526
7296
5705
5056
5999
5621
3856
8406
6832
5568
4938
7367
465
3118
432
4318
952
5948
7480
6981
7464
332
80
3332
9625
6376
4713
1463
9744
6797
7006
2187
3412
2361
193
6641
6959
8921
4957
197
9247
3498
6103
8207
7427
1128
7291
3067
6267
1000
9317
2778
3698
8079
6623
3289
927
7087
440
5572
6024
9192
9089
190
1465
9878
7086
6867
1203
6732
5341
5416
9921
6495
3488
8176
8038
2003
3474
4105
8390
558
3936
107
8672
2131
6697
3360
378
1713
3269
6576
1258
1617
3374
3485
6679
5314
6357
781
1832
8903
9144
8763
7012
7502
9117
7484
7034
2981
3025
7700
6673
2130
2174
6996
947
3690
7310
2997
1511
2549
1722
8137
7142
1547
6320
1330
6247
8990
3608
3788
9881
1316
7577
7708
2886
9536
9799
851
2950
6865
9298
9895
3125
3185
8352
1634
1589
5113
9873
8252
4228
7892
9800
5131
9624
7217
6609
176
9853
3328
7596
9476
1772
6054
6284
8935
5375
6501
3395
8818
3559
3297
4808
5273
3361
4207
334
8840
6942
8717
8482
3576
5664
6601
623
5766
5149
5204
8537
9261
8873
9504
9371
1340
2374
7750
103
5807
6955
8660
2279
3550
181
8777
5051
944
4652
6810
1200
1766
883
9364
3504
2311
3500
5629
8359
2656
610
7295
1625
7196
1401
8668
1555
3346
8028
671
4609
8555
2504
6976
1956
5836
8142
1639
3626
8806
5839
4167
8535
2510
6785
8357
6476
6786
6998
9165
5197
7177
4883
6354
4247
929
5224
7649
1787
3547
861
182
9647
4853
7513
1904
7868
2724
1420
8798
8295
431
672
4355
9546
3262
7455
3307
9871
3981
5593
7164
1176
720
5559
336
1967
2125
7272
5519
8151
6217
5366
577
7812
2828
2519
3565
159
456
2676
6723
5063
5965
1767
8770
2400
3669
2963
2432
8476
5689
9421
9588
8332
2352
8701
561
8776
3322
2348
4102
4832
5686
5896
346
8780
5638
7874
6063
9187
4384
8160
7932
3794
2119
6557
3060
7501
3283
9823
1265
3804
2182
5522
8368
2577
1468
1505
9961
7949
8268
7612
8488
1056
5027
3714
5326
7999
7301
5971
9225
3639
1210
3766
4866
5053
2469
3877
4627
3829
133
4383
1742
3664
8682
7344
5297
2681
2534
755
4772
7099
1402
4736
2597
747
5190
4768
6299
8058
3948
2964
8766
1818
7986
8741
3491
3779
9984
7881
8801
7017
5544
1252
1499
8500
3375
8221
8195
3635
8436
2103
6940
8265
744
3163
2342
2544
5531
8111
7311
1876
9462
6115
4616
3287
289
218
2413
2590
5044
3336
961
5024
4842
8594
8493
3874
8940
6587
1857
4879
1323
1159
5775
4214
6939
3692
3883
7407
3803
8833
7247
6085
1626
2668
8210
271
3987
282
1934
6331
3922
7611
2285
3555
8321
3400
2107
7222
8009
788
1140
5988
3448
1013
3462
8257
3226
1964
4500
8409
7058
1327
3109
7209
7352
5646
118
1235
8029
3805
8280
1908
6149
8489
638
8525
1409
4057
4826
7078
1204
9472
7041
3177
5701
2227
7845
1887
4933
4295
650
49
9630
3813
852
5258
51
164
4760
3663
5736
5976
8413
1536
5995
2631
4357
3023
8239
904
4868
1238
2856
5814
9204
5363
7175
2494
7188
8901
4622
1814
9754
1226
66
6957
75
4955
5111
8256
913
8397
4332
3223
4661
8374
7563
3396
1329
7941
4653
6724
1208
2626
4542
2033
4192
4585
1829
719
2035
4446
6758
4863
3860
3172
807
4725
3261
211
9908
8127
1345
4518
690
6032
8906
7312
5528
8545
1651
959
1429
1632
3058
7523
2110
8908
6771
6386
6767
7300
9727
4300
3727
8960
1895
3962
9189
7454
4271
2923
1317
9646
7026
2648
6242
3431
5551
1010
416
6482
646
9968
7796
2516
1050
4391
3827
5425
7190
4417
389
9680
2134
5269
4154
5857
7637
1288
6355
201
1927
2214
1714
9912
3043
7849
9613
1405
2016
6825
9844
3530
789
6818
3820
5279
7377
3940
7896
8641
5747
5089
7476
2327
9651
8132
7373
1510
1369
6571
7496
3350
9301
4309
1246
8915
2474
4929
5282
2481
2622
3814
9966
3001
4815
2576
8345
2746
7045
2749
9026
9897
3472
481
4433
9694
209
3729
3151
7258
9292
3649
5402
2861
9811
9909
750
8254
1320
4775
987
387
2029
1892
422
7168
6503
8055
3144
1918
978
1259
6090
9567
9996
7914
4073
3637
5449
8407
4293
2152
6168
8124
3327
9021
2605
1979
5108
5961
1494
7212
1654
6471
8605
343
8035
8805
7015
2338
1357
7517
833
206
2120
709
3890
7850
6567
9584
2502
6426
91
9812
7374
884
2705
2996
7675
1244
6839
8581
8044
2789
7490
6338
8999
1988
7032
590
7408
8371
6886
834
9561
3677
2606
4889
9208
8113
3711
3459
661
4181
9501
1256
4758
5671
2460
6164
9986
7779
6279
6245
8181
1757
1075
2142
8513
8459
8428
2971
1828
9963
3272
1273
1872
7579
4911
5632
4244
4160
7104
2192
2690
4904
2816
1339
569
9007
2559
3082
3276
4589
2086
5440
5464
5462
5479
5335
8364
1098
2807
5926
7740
9664
2582
7347
71
9103
7448
810
1549
130
1700
1585
15
5459
791
317
2689
8451
7302
7119
3722
9682
2486
5286
8201
3985
9999
6798
6470
916
2759
7
3724
5877
6311
1313
6570
8422
6877
9315
8065
9685
594
7805
1576
2262
3679
5177
6017
7646
5945
3955
5982
81
4497
9037
2231
9705
6537
6314
4619
8420
2463
9794
3723
4732
2326
3848
837
2088
5242
2445
7132
7676
8178
1705
8308
7220
3112
1695
9787
494
9709
1579
1387
7951
3249
9872
4535
1042
9030
4425
5505
4925
2538
7267
7726
792
2850
9413
3133
7425
6631
3428
14
8506
8804
6530
8685
968
9737
3667
2482
6212
6952
7734
1447
9601
5797
5915
5180
9786
3678
9519
7728
7362
9495
7145
3835
7319
6516
9628
5418
3666
6931
1718
618
8771
7908
734
1147
723
5253
4641
5474
3077
7770
7852
2687
4096
7251
5679
9530
9722
4272
5034
6123
5377
2397
6792
6129
6348
7572
563
8721
9622
5925
2987
732
2826
1184
4171
7158
4032
9236
5667
9862
1515
4572
7745
4087
8282
1792
3741
5456
148
4525
6878
6459
7469
1598
4310
7369
9850
9202
1113
8338
6892
3840
1333
9422
7106
1730
2885
2643
6213
3421
6812
1970
2218
950
7264
8757
7773
61
3849
3846
6407
5132
8700
9182
5325
6343
1181
8096
8853
1662
2790
9589
5739
6677
9456
2053
5894
5601
964
1631
7723
6875
2116
6873
8115
7340
9207
6297
6229
5116
8593
7401
824
3687
5943
4717
9955
9706
4901
245
2809
4887
7137
9448
5954
8245
8150
8743
5523
7823
766
2558
1604
5320
9839
4481
6845
2726
1746
9020
7742
1712
4319
9683
715
2089
6016
1571
7004
3919
5974
8465
1090
6462
3821
5924
3784
8037
4235
127
6042
8928
9306
2537
9157
3939
1455
100
9944
9216
5118
8174
5491
4273
844
2381
5112
830
3358
4475
616
6183
6374
350
448
8693
4121
7368
1825
4489
4113
7624
7616
981
1737
8544
5846
5890
6676
1285
3771
6809
523
5592
6559
2225
6922
8846
4944
8633
9715
9256
9856
9776
8827
379
8289
4906
3366
8403
8878
7963
6953
676
4978
7365
2401
6118
4396
4451
5508
5585
4179
2495
5773
3460
5120
384
7280
9595
9684
4603
6048
515
3661
9772
9296
6678
9757
4459
1370
2937
9113
6510
8225
8562
8955
1049
5879
4180
6514
2698
6351
7716
9638
842
6291
3457
3675
7886
5518
4078
2283
7751
6888
1543
1007
5984
8287
5265
6252
8884
7599
8585
667
8779
6756
5647
8669
2136
4526
3598
9400
9959
4825
335
8274
2835
6517
324
5800
4408
5805
495
1677
8033
8399
20
6912
2588
455
2452
9898
4302
9965
9024
9441
3221
2522
16
9245
1817
1864
6748
1488
8485
9506
5287
5920
3978
3199
6150
4839
9168
5729
8989
3616
3518
3915
9641
6605
5239
895
6646
9540
9224
6788
6596
2070
7509
7640
3878
8749
467
2803
1325
4069
1668
7603
2562
9632
6156
6436
1786
7303
2465
654
5176
3215
2607
7944
3532
722
3320
3811
698
4080
1744
7053
1592
2015
8170
254
5784
33
2237
2233
9654
2296
6727
2264
5117
1194
8373
4997
7800
2990
3907
2552
5682
1413
6934
7460
2907
2084
6449
9795
9937
4422
2026
3027
3638
1937
7735
6423
3424
2877
5361
6831
3993
5881
4666
5246
74
5643
8392
6726
1807
381
593
5975
3998
2498
920
8410
3758
4442
3564
1489
1441
9880
5145
557
4006
8719
8508
6447
1229
5199
7398
1862
1763
3170
135
9438
1813
1582
9100
7282
1784
1755
8
9509
6796
5276
4000
3356
3599
2139
7739
2725
9045
3764
4790
4962
2049
8358
8251
3097
4643
7441
8868
2407
6271
5778
6591
2900
7135
1334
3558
9854
1205
3531
5631
2961
6807
8931
1454
1869
9678
3173
1074
2918
700
3630
4204
5401
9323
7397
5340
5058
5415
4264
9213
8503
5799
6484
6701
6569
3808
9487
433
4700
1453
4913
8676
3614
5635
7056
6629
9184
4644
5293
7924
5625
3750
4290
7557
3005
1253
339
2261
4185
1527
2986
4371
2343
6317
4340
7495
907
5379
1336
5765
8196
1286
1977
4690
5278
4223
522
9749
2464
6552
6445
4123
3802
6689
3166
9232
4894
3128
6639
9365
554
297
7475
5882
8306
4031
6526
2634
9526
9271
1248
9082
21
7074
267
5835
1121
5817
382
3384
2948
5327
1641
822
5095
6073
4116
4421
3517
3008
2040
3106
3790
9834
2556
5205
5296
3153
7409
1138
2270
680
1556
6973
7919
3748
4303
6579
9952
6731
2290
1443
2939
2946
2959
7962
2082
3304
8233
4079
9065
757
1
129
5588
8841
3468
4972
4316
2675
7278
8223
6393
7553
3580
5767
2437
8654
6611
1199
219
3905
6301
8376
2424
9989
8323
906
2420
8822
7436
7404
1497
5339
1236
5159
9940
2848
7359
5718
3253
2204
4697
2505
4362
6152
3469
1867
696
1903
3944
3331
9050
5711
5483
954
4484
3487
1871
651
7329
6961
3545
8347
4552
8339
2143
3499
9154
3466
8889
7604
2909
2953
2114
634
4540
4550
5458
3660
8110
6658
3219
6101
4799
2066
1688
7391
1492
2425
6253
1523
549
8241
1711
7887
4765
5885
1560
482
6636
6309
1699
2135
414
7788
6062
1311
5248
6560
7815
3288
5223
1481
6612
2829
5516
5792
9598
2709
9985
3655
6454
5400
541
6868
4329
3461
4642
7055
3463
7974
809
2847
4595
7239
8838
628
8857
5978
6434
4811
5152
8797
8615
8681
7866
4034
2542
6816
4528
9293
7413
7530
8052
956
256
9269
4026
4606
6977
7324
4354
8614
6056
9369
1821
3716
3034
6226
8879
2451
2138
9886
2201
8530
4733
6184
4779
7452
6620
2533
3594
6545
4960
8464
7248
5222
9040
600
4648
8190
1690
8962
2406
1314
4350
3733
8262
5115
3113
9387
5486
9612
5843
4260
284
3775
8082
9056
8437
9351
90
6964
8936
1347
2265
5619
7713
2833
3536
8073
3571
7877
5648
1360
7151
4882
6947
8837
4895
7931
9286
3510
9297
8146
3000
2180
4503
4726
5109
5990
2090
2349
3205
8527
23
8300
9359
7732
7647
8325
873
1392
7432
1073
4190
8752
4977
9095
1166
3165
6173
9938
9587
9302
7489
3110
2456
1477
5553
7471
4752
3230
4856
3450
5079
3701
3929
7583
3963
4470
1621
5554
9700
1379
5993
7100
8831
1781
2991
5842
1805
891
9568
9832
5746
3210
9562
8656
8269
3195
5818
9376
7933
5374
2209
3281
1672
4426
5788
8971
4951
385
7562
9153
349
4215
7841
3404
10
6239
5813
1307
4914
1795
1400
3731
4476
7663
3506
1423
9325
9815
9177
5283
5640
9311
1136
4261
1608
9468
2178
4103
8335
8817
7070
5702
3842
6499
3444
2212
4680
6838
7761
3721
5657
5346
6463
3886
9969
7846
7635
5254
5038
6211
2162
8226
6257
9913
2700
7782
8004
6593
7829
9679
1219
6339
7528
1759
4796
6561
6174
4217
6344
168
9066
8474
459
9169
1562
7953
8638
8331
1734
637
9078
3760
8395
9042
794
6735
293
4335
6160
1524
8875
6687
8337
37
7020
9735
9930
4232
6322
6295
1550
9803
7412
4522
9288
738
1794
4673
2808
1947
8549
5019
268
7245
8231
7704
4162
2539
4487
9251
2497
374
6208
7276
4672
1653
308
7308
6142
6803
6622
7150
7904
1043
1278
7661
1386
1533
7543
1245
8237
5434
6465
9304
5901
8311
4317
5424
7551
6102
6038
801
1089
4471
9377
7614
3149
2870
881
8103
8606
1596
8724
3006
7057
2027
7113
8925
1528
5649
2715
3583
4878
4280
5744
9289
7639
4050
3927
7468
9981
4039
1774
9239
2837
8224
971
7463
408
2076
9402
1516
388
4056
6112
9079
8673
134
5039
8930
8678
6644
8419
5737
1458
32
5155
9174
7201
5164
5955
8415
6980
5241
171
2739
7215
2159
166
7011
184
8796
4030
3275
1701
1059
4559
1972
2113
6819
6414
3084
231
40
4239
2688
6705
9522
4347
6169
2787
9906
2610
3817
1982
888
2919
5933
1382
4630
9073
3048
642
473
9440
5586
4707
6568
8040
6158
6624
2458
3881
4141
7934
6863
7080
2253
2328
4782
5322
8596
1493
5165
4094
1135
2617
8872
2250
8571
4339
6675
3556
8354
7842
9843
967
5903
5185
5098
2255
7174
5319
345
4356
7943
5210
2169
3051
8523
4176
7442
4101
161
4731
2121
1590
3467
8379
5490
6148
3052
8317
8169
3368
7036
307
5318
8064
2940
9992
6573
4199
6713
5238
7290
9736
5497
5216
7694
6837
8491
9662
542
9072
3786
6527
4865
9057
2612
5622
5810
6787
8521
1243
778
5218
4159
4054
2846
8715
1723
8456
3263
6795
3983
8926
2001
8104
6513
98
6762
8117
2274
3410
798
1294
3767
8934
8001
2747
3168
796
2915
6847
5260
483
1985
2172
706
7038
5794
7969
6817
8059
4506
5359
4580
4543
4792
9349
7542
7781
4435
4367
3359
8123
4045
5754
9631
7520
4735
4206
900
2712
601
2728
3050
3056
5334
9798
3662
8927
742
1643
9005
1395
1600
806
1473
5215
3706
8810
3140
1938
3578
6613
7376
4519
3650
3325
2967
8713
6524
3757
687
3267
8882
6988
7677
2982
4862
9188
4746
7954
9210
1164
2060
1915
9899
1812
2081
9309
8842
1171
1349
4757
5075
2756
4828
1437
4299
3953
3300
9574
7856
1788
5249
3971
7120
5598
8659
5791
4161
4209
4195
3353
7529
2791
2531
5889
1021
7160
9521
818
6055
1037
2383
1733
4748
8244
8710
5337
5076
6828
9667
2393
631
7176
8784
4822
5509
6100
1756
6489
759
811
8398
2387
8696
4709
2928
7898
9983
7566
5594
1636
9990
4351
4679
4880
8916
503
7316
8418
3843
2647
6900
2485
3089
5311
9621
1299
7857
8735
9560
4406
6899
6859
9543
7226
7619
3146
2773
2664
8576
5016
2962
393
4257
4017
2382
1266
430
2473
4486
396
1072
5801
2972
5986
143
6833
1557
4424
2403
7979
6222
333
7621
3483
9758
7926
6830
1800
1748
2471
1678
5378
536
1568
4186
584
2032
1999
823
5191
3999
5958
2189
4701
5393
4
6874
1315
1283
8984
6502
7855
3793
512
8658
946
5174
359
2731
9051
6994
6359
3420
3002
60
5658
8591
2284
8382
3203
9083
4485
4667
9771
7567
7250
4629
7844
7810
3059
5476
2380
144
639
303
1156
3671
7533
6419
6665
3355
7715
922
2589
2661
7702
1490
1152
6195
3612
1407
3862
658
7684
4349
7871
323
9458
9555
2970
6452
3273
163
4930
3376
3799
524
7075
3411
6766
6400
9975
6346
8630
6390
5610
3238
6856
6323
6305
1281
441
2123
4014
514
5979
4686
3427
6956
2873
7605
7073
3787
5008
6139
2710
9539
1526
1835
7500
5929
6640
1274
454
4994
9833
4861
1180
5004
9381
3240
6518
1030
2941
1237
1958
9577
2801
4705
3114
7342
2160
9053
5330
6725
3906
233
1322
1310
8902
8729
962
5350
2347
5200
4658
6161
3314
805
4455
9125
980
429
8439
9193
208
259
4812
4133
8109
7627
1425
926
4516
6215
2805
8230
4827
1427
3062
9148
7102
5436
291
1227
1602
9013
2701
4803
9098
9255
7335
9755
9665
893
1824
7128
8438
9707
3633
5752
6415
753
5709
7477
7325
6512
5946
12
7318
9674
6897
2477
9160
9482
2168
1346
4336
8807
4149
4058
8644
9945
4028
7784
141
2056
568
355
328
2312
2251
2410
1762
2794
7758
4386
6008
8163
9237
1682
2871
8808
7197
2329
7326
3562
1003
2580
123
2650
4227
9272
7937
2891
2740
530
294
1240
8949
3705
7355
3122
9033
6294
3797
7602
4398
2417
3689
6736
1565
173
4262
3049
1603
4358
2191
9513
6995
4610
9594
2985
6389
3370
9274
3285
5013
1404
5069
1232
2532
7029
1125
1586
1467
9826
4711
3867
8858
963
5388
3961
2639
3977
4182
9814
2838
7895
7968
6228
6563
8391
4814
9327
5507
7383
5833
9147
1933
122
4193
6441
6318
9379
2733
9676
1495
200
9085
4298
222
9672
7609
4151
302
5748
3435
8367
2655
8652
5820
7414
2637
7670
4687
3837
5614
6709
2713
9109
4064
6216
2810
2046
4483
5802
4781
6133
1883
8105
5473
9015
7535
2193
1304
4780
4570
644
3159
8173
5345
9254
7730
3093
372
252
8448
9408
4203
5966
7284
8502
1462
1029
9111
7569
6721
2568
9824
9471
9123
8692
5338
5480
3868
6011
7098
8528
4945
5674
5819
4153
9220
8426
3699
5494
3509
4150
4048
1936
6744
2677
6005
7727
2423
6814
4221
4885
9877
9319
8202
7826
5628
2685
4473
2462
2357
9558
6852
8574
8408
2748
8643
3088
9267
8650
8388
9130
6662
2751
9723
5602
2644
4067
3923
5806
5538
6715
3301
8725
3055
7323
3528
8954
1615
4178
9496
1068
5844
8711
6509
521
1484
4787
5529
7483
9977
4275
9012
9492
4899
7510
6072
7279
958
9885
3477
5182
989
6882
6401
7558
87
7665
85
7678
3795
4534
1593
5513
77
7657
8305
3785
8085
1583
7836
3102
8856
4286
5837
2832
4095
2636
4762
1630
6661
8414
4052
1133
1464
3257
4488
8835
7854
5144
2786
9917
4877
2470
1566
3015
1105
2292
8515
3885
9838
4496
7050
9605
7748
6029
4326
9801
1362
6574
9518
595
1154
5591
3213
4165
204
2609
4508
7127
5321
2487
6589
3588
9675
8907
612
5779
2155
1877
8197
6960
8316
179
6891
3033
9973
5129
2936
743
7987
596
662
6003
4049
3718
1830
5195
731
6153
9041
2408
3258
6474
8089
2874
26
4427
2442
8598
3148
5895
1770
9507
6872
3481
1126
3035
4756
9743
4702
2674
6109
3863
8131
6558
2008
3824
3891
9152
4829
4923
92
3363
9699
4002
6411
5183
11
5606
9121
7450
8904
3057
1398
7752
2164
4218
1922
6332
643
1694
447
3380
5584
4875
9765
1251
8675
5172
5694
1506
4870
2241
2983
6923
4742
5351
4939
175
7443
7144
5243
2308
3274
3516
167
4055
4984
8341
5009
5221
3573
425
869
7315
4973
9995
5154
8894
119
2054
604
2151
3126
8699
7076
9102
1358
424
5609
8483
7538
6761
3414
3381
8662
1990
8307
3308
2632
1902
4918
4090
7322
5175
1959
6200
4764
2246
3182
4188
9717
7642
4915
8496
5931
9474
320
578
6535
4975
9200
4291
8416
7783
4211
1512
2703
4611
8900
1785
8200
9457
1096
4200
8411
3108
6353
8799
1611
6310
6714
5578
2443
1364
5630
6881
7731
547
9275
8182
1525
2615
846
9411
1914
8629
7010
8697
6804
2330
3180
6598
3394
9410
8026
5266
1845
3707
783
2955
9263
8843
3063
356
6774
1745
9442
8791
7827
5235
8401
3194
2798
8445
5851
7754
6093
7336
9398
5171
909
8570
3169
4668
5520
6773
4460
3991
4040
28
636
5992
8631
9258
1381
2697
6760
7157
3730
4061
3761
5790
6145
6027
299
5163
1665
5226
4529
8851
645
4581
9058
3709
3323
6137
580
857
8705
2902
8893
2799
4908
8948
560
5973
9276
9075
9650
8324
4937
5020
8417
681
6670
2595
6030
7423
5096
6821
767
1574
6220
3930
6006
3967
2769
1782
8670
7189
2146
606
6906
6420
6588
8556
406
2899
2
3296
8603
1421
6356
8595
3013
843
4198
6379
6025
4461
6507
3898
5615
7341
2030
4564
9409
2635
4859
7832
2117
398
4468
3026
6358
4268
5086
6300
2098
457
7555
2454
3720
6105
8258
545
7985
4546
9663
2812
7155
721
7130
3520
5848
8519
8118
5872
6147
2236
1115
1011
3763
7474
1522
8051
4114
4936
5692
2018
6469
9712
477
7269
5527
4086
6778
5759
3190
8499
5624
9179
8370
7199
8069
6979
581
5042
4378
9746
8487
7115
1350
7801
6555
1132
6602
4979
9645
9887
4419
56
8333
1984
4005
2764
8071
50
5012
2872
609
4226
8121
2124
862
7240
2506
2573
9910
1374
3242
7631
1225
6231
4130
6541
5731
9336
6218
124
172
4344
7371
998
1426
8726
9614
5306
4881
2721
1891
86
6398
504
821
2752
9071
4645
8112
4456
6938
8149
2356
8734
5550
8100
7358
2216
8494
221
2965
9145
9316
1024
1837
8753
4579
4403
7686
6010
6779
5420
2461
8895
3680
9569
5408
7798
7648
6302
6729
9922
4125
6743
506
3143
4954
4755
8958
5859
2543
9122
4620
9195
5670
8140
5082
6079
9354
7718
7706
7574
2429
9215
2145
7633
3618
8193
5060
6848
5203
7828
3116
3079
5590
2821
4191
1622
4741
7763
1371
632
9901
7971
726
6388
3391
9728
1866
5712
1376
8742
4632
5313
4311
5695
1834
4205
5035
8402
7430
8514
2842
6000
5547
9330
7681
4334
6290
9503
8129
3132
9138
3882
6508
8114
9512
1708
7956
7126
4886
9829
1292
6660
9186
3446
43
8366
5078
9671
5342
138
8981
109
9875
6790
5699
716
1077
5815
3236
1065
3040
4912
8587
1655
7211
4574
1319
2106
5059
2860
7487
8138
4946
2085
5887
7094
9485
7096
9092
6581
599
9214
817
5280
1206
4108
8718
4382
2433
7565
6241
6303
154
7664
9444
274
7939
7052
7180
6361
4465
7785
8959
5968
5332
1529
2806
1779
2190
712
5143
9105
1222
3345
1726
1485
4084
603
8775
6251
7688
8187
7182
8141
6004
5730
2128
8313
2500
4568
8988
7136
5768
404
4520
361
953
3693
4601
8232
4561
6747
9403
369
4216
1086
1397
3473
5617
3976
1732
1513
5360
4651
5274
58
3681
7851
4016
1659
7420
6829
485
6921
4788
4795
6337
9116
8932
5085
3245
6162
533
468
3810
4691
8608
5719
6007
5064
5438
7755
2523
935
9762
2741
1470
9941
4837
5989
2720
2553
2608
8869
3425
6404
8586
705
5543
7666
6584
679
2210
6690
1424
2864
7337
6492
2444
2317
917
3503
3966
999
2213
8061
5577
8881
419
9936
6368
1768
8349
3218
874
3417
5167
5324
2503
8541
6050
7774
7900
6969
1174
8161
239
102
7514
4515
6192
9038
2221
8102
1450
3855
4590
2938
8607
6270
4395
4569
5461
9016
3903
7307
1940
9027
1987
9344
5733
5669
2480
5845
5874
889
8077
8396
6566
1023
6866
4314
5654
1652
3239
5208
4958
745
5121
9447
1880
8759
2594
1348
3489
4029
6645
4902
8449
859
9435
2702
3539
2021
3341
572
7606
8546
5399
2211
4441
69
5107
7765
1888
5498
9846
4327
8758
1680
315
6408
2627
812
664
7714
7152
9643
972
9857
2646
3686
4605
2205
6104
7764
4437
8139
7570
6198
2362
7266
1456
3098
2031
93
9494
2024
8284
4706
2783
6159
2286
7799
1434
1741
5950
6851
6031
6477
6523
6114
3383
1791
1612
1422
5104
2318
7154
4066
1703
4698
5827
8430
7811
7019
9466
8234
5421
2256
8691
4783
4615
9355
9580
7396
2455
9432
6416
6237
7863
2551
4366
1644
2775
1865
3090
7037
9701
5437
1331
877
2620
3791
8712
9894
5552
9994
8684
4251
3209
2288
1432
1594
5148
6140
3910
3685
5495
5907
6738
2513
6433
7967
7447
7821
6087
3029
4739
137
768
3876
5934
120
9892
5290
6197
1607
3080
6370
3439
9993
9956
3778
3901
7411
4091
979
8760
2578
4253
7415
5916
5170
7897
2591
2782
8836
1552
5460
5506
6628
6685
7930
816
4789
4523
5597
4533
7653
8898
2780
4059
2770
2862
6548
8286
8768
5997
1183
8617
5333
2958
3041
7486
8727
8060
5475
1057
7399
2345
4567
2779
3096
1298
3781
8689
5917
4770
6844
5886
6935
9428
9396
1389
1012
5441
1111
6846
2059
2781
9867
4477
1249
6089
8199
1337
6077
5414
9648
4100
1445
2299
8859
6597
8158
1062
8250
5864
5122
3887
9342
7822
1689
1660
3160
5463
4608
1058
78
2956
6281
6698
8087
4663
4965
4596
44
6283
3621
828
948
7400
1860
7515
1667
3012
9370
314
3807
6352
6855
1390
6365
566
2905
4817
4412
3941
8788
2865
4681
3641
9096
7522
1882
1917
7733
8466
9119
9858
6928
855
4776
7488
5446
8609
5156
8054
993
3430
6430
2109
9358
1052
4242
6590
9792
140
370
6627
7364
7743
668
8057
5050
2063
9739
2671
41
234
2115
6577
9939
8381
4607
97
5573
4361
6648
9231
7711
5541
8013
9525
3232
8375
2419
4927
7830
5985
1597
452
6209
6974
6178
7724
6487
3538
4224
1840
1476
9905
4612
8505
4118
508
9861
5431
8728
4683
3330
444
5911
6564
2722
6765
6141
6583
9500
1980
3183
2586
5386
7338
283
2183
775
1761
7435
872
8312
8854
6525
5663
4531
2325
3704
5841
9431
1966
2450
1921
7888
6256
4411
8288
4903
3319
3227
3192
4916
357
9087
1820
896
617
2508
9307
4922
9819
3402
1957
4208
3738
5442
3305
625
9883
9809
2530
8937
6950
7807
6572
1501
126
2055
4999
6418
6594
9270
244
5785
2185
2575
9997
8848
7286
5407
8078
6392
6554
5668
7576
7183
5315
3942
8512
1919
215
7287
3902
9223
7776
7431
7922
741
4431
903
7429
2820
9931
8582
6110
9199
5549
5698
6637
3726
7824
9000
9418
3212
5146
3512
8179
7659
9240
5454
2994
3247
5193
9253
800
9693
386
4380
2373
1302
1861
6599
7683
6853
5770
8145
3295
8651
9357
104
9265
8880
3725
4890
5103
286
3924
8039
8027
8998
1544
6175
1250
6202
3268
6695
7261
295
9346
4659
3798
2428
550
4873
5231
7458
5011
4584
3975
3256
4678
2745
6970
6626
8967
570
8968
1819
8914
9451
5840
3369
2957
9797
7722
3596
6443
7271
4385
2567
1212
4169
3022
2815
7571
5821
9785
9332
3933
5942
7671
7007
5037
2022
6278
5959
6422
7556
6556
6412
8589
4867
1431
4963
5237
4075
9108
7229
2696
5930
6475
6550
9830
4304
3171
6280
7242
9890
8538
2272
1687
7354
6802
5627
6333
9636
338
571
2951
5757
2587
5065
360
2436
5466
9626
7894
5812
5029
3107
6533
2771
7095
519
7314
1091
7966
5743
5786
1408
3479
2514
9502
5650
377
4891
4665
1616
1647
17
6490
1846
8326
630
7492
2866
1650
8765
605
2904
25
1953
7610
7912
8664
9114
2132
5893
232
8203
8953
5938
5207
7875
5336
3668
4109
478
6668
150
8068
3511
4669
8267
6163
5489
5357
5824
2922
3315
838
4524
7638
1952
8666
4065
1008
5782
9780
8566
4989
434
7862
9825
5521
4047
76
9658
2954
6943
7988
8943
9142
6134
2776
7044
8472
6035
5655
8855
9511
4138
5492
5310
2126
7531
3141
8730
9234
9923
7072
669
1287
2894
3333
7465
7885
352
9573
3740
327
4932
1153
7389
5105
6966
7561
8275
6313
1727
8661
2545
2629
8569
7916
621
70
7720
270
1849
8122
1028
6917
1673
2023
7511
8883
1290
3880
3526
1916
3306
410
7361
1698
8747
68
5735
7540
402
3684
3960
4991
3134
7459
5870
7617
7385
492
9933
3816
2466
7103
6625
3388
1099
8164
2263
5102
4023
5804
1139
6930
3753
740
1502
9497
8249
5832
8547
2333
8049
4320
7473
7173
5823
7292
7051
189
2448
4177
9389
7268
6717
1538
9732
7911
7901
2927
9703
2931
3204
5481
3634
2101
1577
6708
6360
4315
3342
368
1799
2952
2744
6448
1449
8291
9802
983
8116
7913
4834
1853
1911
337
4231
1117
5861
5057
3152
6986
3155
3800
4245
7236
707
4743
3443
1179
7780
5485
6334
1720
9987
1446
6733
7270
8014
1719
2208
6933
5006
1082
2067
6958
8830
1177
9531
3914
6177
2742
4001
2254
5347
6082
6519
2693
238
6794
3398
7031
6460
30
5383
1046
8534
2525
1685
6858
5073
5031
9813
3178
827
4409
2217
2165
6373
3537
8922
251
6775
6871
2017
8680
6580
3909
5542
5133
6610
8911
2707
1717
2297
3749
3540
7957
9049
9806
8941
9088
7356
9596
1442
8204
8516
7049
1356
6907
5676
3018
5358
3995
6125
6325
2337
2010
6491
8457
8236
3747
7738
4480
556
2804
5866
9285
6395
1452
5977
6889
7375
1954
8435
1178
6289
2226
3997
348
5771
8665
9287
487
3695
2476
8897
2908
8318
5001
3081
1410
1175
6146
6124
992
9480
875
139
7679
5455
2258
735
8529
3373
6498
2483
4313
6015
3551
5291
3241
5665
9696
8560
8744
1134
1541
8019
7203
9134
7141
2071
3235
4967
281
9132
89
8084
9600
8821
8517
4987
3279
7273
8876
5685
9619
9250
9430
4638
5595
4639
8400
472
6377
8979
975
5032
5910
1070
511
226
1697
7641
6207
5422
9490
2758
3717
3382
4621
7283
5070
8385
7393
1896
4750
2058
5465
2914
2280
5114
870
9044
7093
7870
1491
3911
55
7994
8761
7817
5162
9556
8271
156
1359
7654
9308
7959
1272
4464
2012
8951
4716
1020
2490
3996
2181
470
7936
6157
8720
8167
8890
7902
8384
5596
836
1642
1910
8636
9835
9280
1758
7149
4554
6064
6111
7306
2075
1897
4996
9982
1162
2293
9374
7384
8235
287
8812
3945
2546
2630
867
5796
8850
799
9498
8492
2528
9375
5000
1108
4549
2618
1554
4634
7184
3068
3303
5558
6894
4152
6261
8750
9241
9399
7297
4230
1811
2269
7825
6978
627
8885
3988
8215
6369
3470
4172
8938
6266
6171
7813
6269
1646
7169
4935
8247
2694
5106
9527
1808
1542
1847
6634
1106
2149
128
3611
6860
8479
5299
8737
2105
2386
5140
9222
7709
7433
9768
2309
8188
3482
3222
2141
2665
6754
2800
6710
8063
5936
7346
3713
7980
2431
8621
7259
6071
6696
2360
8578
7439
7651
7777
7973
5758
7332
7467
1242
8012
6096
6481
9742
5081
3009
2440
438
5367
7394
8319
7172
6902
540
8107
1085
5545
9055
9395
4158
6307
2849
8217
8996
2730
7549
9248
2376
7146
7349
2932
6122
255
5706
9520
6532
7223
6170
453
8781
5264
225
3845
9720
9206
31
6444
3447
976
4453
4934
180
5137
2378
6306
531
703
4360
9404
5169
6092
629
1609
4282
1293
8613
7426
5384
3715
1158
2599
7299
4112
4135
2659
6920
2840
4174
1486
4761
4676
2903
6862
902
8363
9463
6972
3782
1670
6039
5574
8334
7532
4950
6312
3095
1034
9891
3719
4241
484
3233
6236
9221
437
47
4553
772
1167
7233
6282
4855
4184
2947
5181
5147
7210
1213
9299
3897
3610
9729
9175
8076
2876
7111
8427
8283
4728
229
4393
7591
8917
4613
585
7498
9767
5756
7001
3697
5217
3031
8980
7847
2641
1380
4009
3452
3390
5803
5344
4575
6143
8434
9426
5795
4708
9868
1994
1941
9143
4800
6080
5303
9943
2660
657
471
6204
4970
4365
2184
1040
9661
4285
2092
4106
1279
3248
4544
6009
2895
6700
4041
5213
9533
9425
2772
8377
4985
6330
8441
2364
4146
938
2623
8956
4284
1264
2036
4454
1920
9669
1986
8563
8353
6327
105
6984
9383
2592
602
8604
4836
6450
5091
4511
2045
7580
9028
3572
7014
1078
5659
1998
5391
275
7092
7921
552
3570
6835
288
4140
1581
5764
7390
4120
5626
8214
5688
2037
6840
4201
195
5600
2980
8501
272
1709
970
8290
3568
2282
8227
5949
5696
4469
7357
8639
9523
1460
6442
3030
4512
4265
3362
3406
871
1247
6575
915
8259
3601
2366
1015
2051
4786
5381
8723
3208
9230
2880
4202
4833
2943
6378
1850
3092
1671
8405
1461
9970
5700
9934
9029
4322
1280
5488
2447
6288
6672
3871
9606
9093
7772
6230
7446
4373
6362
8687
6903
342
9535
6982
2878
7717
7945
2039
529
9150
4821
9655
363
5898
4416
1365
298
8618
83
5875
9043
250
8702
840
6203
8034
665
8020
210
598
5899
6918
9149
5084
9514
8067
9804
1507
6506
5858
5088
5972
699
7479
6728
1001
1790
7406
7081
2298
8736
1193
3696
1686
3809
7339
2898
1146
9788
5633
8792
4136
555
4924
7669
1534
2887
2044
7255
5726
1692
2006
2320
5405
7981
7691
5681
3486
8762
7143
4429
1530
412
4844
8344
8707
2912
6954
9198
7737
2127
4004
6849
1930
174
2069
8982
8356
6298
7249
277
4974
1143
2235
5467
5209
3830
6776
4730
9209
5364
6997
2598
6273
9911
1963
1519
8463
4650
7244
2717
7005
4474
3074
5856
9205
9666
2073
8229
3932
9010
7386
5316
6224
312
1765
9115
1019
5502
7353
2699
9048
2224
553
615
2294
1093
8454
7873
8157
1092
6130
5355
8748
513
7729
4331
6910
8478
8126
4390
7198
5583
7977
3563
7366
4148
6021
6059
7256
9334
1457
8820
1109
1564
305
8192
6711
586
4599
3604
819
2993
736
4777
5092
6205
1308
3873
7636
4011
9916
5738
1101
966
1863
8961
8686
3507
3673
7990
4647
6870
4805
1190
194
6768
1352
8495
9194
8986
3184
9229
2852
415
237
9260
9197
4551
3377
8322
1220
8773
5259
6911
1629
2614
940
4060
4229
2478
7161
3892
2548
8862
6026
8809
7382
5983
1584
9129
8481
131
9656
4279
8447
2611
2797
2271
8580
5432
242
5041
6739
6884
4724
686
5777
7545
7834
6316
6276
427
1780
2723
7360
4115
3175
383
7650
3179
3480
2459
9203
4444
5298
9141
2989
5927
1428
9991
6069
7101
9900
3150
771
670
7138
7275
7067
8599
588
6904
2441
2354
3344
6116
489
3501
205
7238
1810
9159
9064
6515
2034
579
1474
2613
7808
1740
7993
7972
2096
748
426
9243
7975
9713
4504
2616
6671
8533
59
7766
4968
6296
1710
7444
3956
5353
9586
4156
3017
8369
3913
3138
4170
8086
146
9764
9998
5605
3548
2673
3104
7656
3426
7232
2572
3508
3756
7586
6046
8832
4082
1368
7554
2202
925
8050
8640
6653
2144
9552
5365
8431
1095
5397
4038
6539
6945
9789
3708
8350
4333
5672
3581
7564
924
6826
8314
9508
9946
5693
8056
8184
7438
3123
4558
7219
5331
248
6606
7107
7277
8624
5652
9436
2561
9604
8007
8802
6674
3091
8180
1163
9434
2133
1361
9101
9470
5892
8540
5967
2570
6753
1228
2426
3502
2640
9019
9670
899
7493
9062
4307
9691
3187
7505
6382
4142
4537
6121
7958
4093
5570
6901
1826
910
7016
7601
3393
6941
2868
1752
2554
2863
7228
6500
9178
9139
5708
7077
8919
3585
3595
8790
1649
2729
3899
831
7507
1545
9608
1103
1839
3541
9106
8531
6898
2061
8983
2718
7013
4369
4423
3451
5138
4576
7419
9345
375
8455
655
9322
2540
6308
9726
7775
3921
2662
6086
1419
951
2666
7054
2768
1017
5571
9639
3045
4625
7313
4791
8550
751
5704
1416
4671
8688
2301
3309
6565
3197
1623
4594
1114
4988
3054
5809
9775
7767
8365
486
5684
5061
2488
9935
9740
7928
7835
1102
4655
3925
3745
2094
5025
1929
2414
6326
7703
8228
6191
5922
108
4947
8255
5793
2287
9725
4308
9874
6058
4721
8794
1063
5097
8655
9166
7667
941
8266
2339
1973
5536
5789
5252
7285
525
3869
898
5055
7550
7405
9559
8795
8764
4306
9979
5496
2763
4399
694
1875
912
2925
2005
7833
5722
3984
6504
9972
1806
3105
8119
5270
8600
2793
8444
8477
446
4129
839
367
5865
815
564
1440
6647
8293
310
8557
2176
321
1372
4840
6607
9710
7085
9211
5834
1648
3313
901
5189
9452
8522
7632
9958
8623
466
3828
1396
5074
7600
548
3525
2777
1006
527
7453
2334
4845
6277
9385
3343
505
2353
2043
9281
8348
9227
6107
3591
6764
7159
72
3917
7905
9640
537
6864
2792
2384
3973
5863
8772
6520
936
7692
7457
9475
2507
7762
6429
1968
3087
5233
3449
8924
2093
169
2405
2099
1014
9427
6926
6801
4664
9449
8011
562
7118
1912
4872
6493
5349
3266
1517
4614
4692
4995
6076
319
2881
4557
3640
6342
8597
5429
4588
6968
3665
6618
984
9290
1851
8093
1992
5201
6075
9477
8273
7725
9714
5828
4015
149
3237
9782
3419
949
3019
9084
779
6608
9063
1324
6367
497
3648
4359
9919
2391
6991
784
4753
9515
439
6012
2766
845
5533
1976
965
4910
1663
7334
2732
9499
2390
3071
7021
2275
8432
4440
5503
4695
2457
3207
9602
8355
5036
886
8611
5301
6033
6909
8923
8863
591
8186
6321
5329
5272
1777
752
7598
6248
88
4804
3647
1165
786
2926
2851
8637
9008
7802
6383
2370
3351
2304
3003
7466
8302
8567
8277
2541
5161
684
5262
8212
8628
9505
491
1277
5048
249
1197
7768
8746
4252
7288
2684
9127
9262
3651
8698
475
160
2854
973
2834
7440
8030
4077
246
7744
9373
2796
7165
7437
3954
5581
4163
7499
9808
2841
3310
6850
8708
5403
3294
5387
2550
4124
934
10000
1696
3982
9926
8657
7187
3935
608
3072
1561
7696
8211
7818
9212
9581
4392
5741
6258
4420
2988
464
2200
5728
3617
5579
6335
7214
5639
5071
2000
4794
7952
296
462
6262
6084
6018
5472
3407
4745
9761
5003
3020
1978
5776
9610
2395
9367
3418
4490
6136
240
9479
5780
1749
1548
7417
9629
1145
8592
9415
4841
2273
9781
7434
8072
3986
7117
8473
6424
3864
1981
4117
5380
4127
7573
8575
9163
7672
4233
8205
5673
3688
1118
2409
3946
4063
5932
3229
4434
4801
6453
5373
4076
656
8973
280
6047
9978
1312
3702
4820
8732
2153
9572
9738
3742
8891
7378
5186
4466
2418
5603
9366
1715
4900
849
4137
982
9360
9532
693
5236
9860
4983
7305
9277
5192
1415
326
5871
6652
2161
7860
8264
5808
1500
2289
7451
3264
1144
1107
7002
1809
7042
6805
7809
8520
8206
4439
7891
882
3703
3712
2004
8177
2375
1661
1127
5385
3036
6425
2042
8469
8601
6467
7662
7022
8933
2302
2760
2827
5634
1531
2122
4278
4532
6722
5062
9196
673
3513
8148
6720
5005
5897
8888
7534
3833
6461
4694
227
6643
6808
4321
659
6836
769
6193
3861
8756
330
7992
3139
3560
4631
9469
9361
4893
3065
7819
3728
2371
8649
9384
9443
3497
2652
6963
3244
52
765
8667
850
4323
8490
8303
7331
185
2949
7108
4849
2041
3931
4871
7224
9779
988
6394
2278
9185
7320
1378
7940
4851
7418
1459
9424
4729
4986
8297
7838
8610
3429
6099
1783
9161
7589
5677
6600
4566
9264
1546
3198
5410
8425
3646
6843
4111
1451
3851
9423
6693
8144
1797
5604
38
9847
2563
7970
1504
7544
8826
3251
2276
8053
9731
5430
2515
826
8046
2242
6542
9623
9751
7030
4051
9090
6023
6083
9328
2260
4110
2711
5288
407
9967
7865
3916
6999
8677
8048
5725
7504
3246
1514
804
4948
6243
2013
8864
7112
6268
8032
9446
7218
678
8532
5691
9190
8470
9397
6293
5666
5094
4562
2222
1375
1399
6635
3075
207
7252
236
4949
7497
8062
2757
7345
5716
4018
9
4806
4573
1793
2716
3980
905
6549
450
9793
3053
6479
300
7257
576
1496
4236
5046
3364
6985
5678
7527
5960
366
1172
6742
4737
9893
3157
9183
8539
9172
4998
3567
8043
498
7595
5395
9566
4646
1306
1570
187
1802
8467
9882
8861
1383
567
6704
2933
2911
34
165
4560
3553
8551
4472
4931
3434
863
1778
7213
9219
8075
82
7594
1191
5294
713
8969
6536
2969
1069
449
5080
6880
2638
8260
583
2389
502
7861
5302
7348
5194
9086
7254
331
544
6800
1521
3859
8829
6238
6403
1575
6528
4802
4072
4445
1388
2501
2077
7170
8296
6654
5227
2078
6793
7590
1161
7253
785
4166
6686
9920
3191
3773
5457
6578
7587
7166
4033
216
4144
1157
4920
3519
2527
9848
5478
2966
3624
1418
469
5825
2547
5613
2976
258
8106
3379
3657
9603
8860
2858
1955
1674
9246
2663
8745
5354
1137
5524
1769
9974
2678
5126
9486
4719
4003
155
3111
5914
8839
6078
7265
400
9074
3442
3032
3069
3593
7882
3894
4337
729
8976
198
2319
8208
253
5905
9711
2889
9201
116
4452
6659
318
2584
1257
7548
5912
9429
3965
640
1816
4921
4258
2520
7179
2691
6905
1859
269
2011
5100
6113
2108
9133
6784
2467
409
2314
5077
4959
928
9394
885
4250
7186
2446
8800
5285
6034
1716
8423
710
9039
8992
3282
9046
1343
6094
5798
2484
2171
3674
9235
6037
8276
4654
7593
633
6885
341
1635
3735
1702
1754
2499
4462
6522
3292
3493
8510
3951
1750
442
9805
8653
1269
392
3796
9591
8172
3549
2535
8739
3004
9310
4007
223
2239
9390
2244
1923
145
2363
990
7380
4413
6315
1233
5257
7615
9677
7048
9464
344
6052
7003
2679
48
2879
4990
7626
7643
3920
2649
1414
2818
8646
247
8497
6381
847
8722
4964
94
4168
7033
685
3642
6497
5153
6097
4555
3202
9859
5838
9318
6621
8866
9278
5090
1640
4617
2307
1656
8194
3602
1373
7134
6468
1048
4548
29
4723
4157
2998
2368
4155
6186
7878
8536
1033
4771
930
4312
6692
7644
1393
4122
6406
1664
1084
4521
4618
8452
4966
8279
3607
2175
1009
4657
8003
7008
9091
7482
4438
5755
1403
9820
7927
7456
3224
8360
9851
8789
7116
911
2430
474
3016
3156
9324
1931
1120
9534
1856
803
4237
5225
3672
6820
5493
8583
3078
3455
8024
5740
8292
8125
4563
3928
112
7294
6106
214
7539
4897
777
4649
4036
203
2893
3582
3475
3777
4499
6681
4274
1969
6485
8304
27
8825
1130
2930
7343
4375
1038
6757
3872
7260
8970
5662
2091
6987
7880
2398
1991
1569
5783
6656
717
7516
9405
4410
518
9888
3606
4538
4633
19
5964
5487
8966
9337
9171
5448
5683
6993
853
1192
2524
2714
1039
1605
3834
5281
1168
6399
5787
8738
1268
9659
5987
4809
213
5921
3623
5018
3496
2489
3823
9054
6070
1276
5002
2978
3736
1532
9455
1841
4341
3839
9688
8886
9151
4744
1087
4173
3950
626
6929
4565
84
1693
1836
7079
9756
8471
3533
5940
2628
5710
3252
8694
3964
2434
2935
6478
5525
2351
1122
1803
7181
1081
340
2358
7942
2412
2335
7790
1899
2087
5068
8939
3174
3676
4328
5939
7560
3535
5623
5761
5166
8905
3456
5734
8823
7246
113
7797
773
1658
5151
6619
6366
7719
8740
758
4940
1309
6028
9018
1366
6384
4074
8852
8047
9836
8554
1187
7757
1377
932
8782
3743
8340
9001
3619
5030
8261
178
1289
111
1823
2372
3338
5284
6650
9957
9545
5370
9382
1950
9615
6232
3625
1681
2843
7046
7806
1321
6712
1436
2197
2203
1724
9393
2560
3522
4766
1478
3992
8526
8946
3755
1036
1079
9778
5173
9649
1260
4514
5307
147
880
2219
3432
9960
3311
1394
463
3423
9633
4345
7298
3286
7660
9692
8977
9866
2020
7481
1728
760
2355
188
4388
5556
6562
9817
6791
8619
2310
4539
2896
5362
5532
8714
1638
1498
9903
7084
5560
3290
9716
9305
1110
9924
458
814
4847
4586
683
6962
7747
4892
9300
6138
937
8166
5184
3889
3201
1601
660
7125
7204
3416
6060
5083
1116
4457
1587
3189
9004
7689
9003
7879
3007
8272
8383
3544
5980
1041
3162
5923
2653
1305
6759
746
7581
6396
6546
1104
6604
152
8458
2475
9321
3857
2140
3815
7123
4971
4430
957
1628
7698
4463
6783
607
8320
3801
3597
864
413
1894
3385
2596
2831
9578
2166
1129
3066
9724
3103
1173
890
7753
9173
2692
4909
1739
8929
6834
5072
5816
5876
4823
1412
3670
7470
1962
9932
6194
5134
7820
7597
5941
1469
5906
1188
2579
1852
9842
1018
1439
3014
1060
7746
9719
4961
4301
125
9770
5947
7917
6235
6128
1195
170
2633
8815
5178
1563
1573
1591
4220
4852
1996
1066
7237
3397
5826
9483
1335
5661
5312
2104
1949
313
6887
9954
6466
8460
2844
4324
6683
4370
7241
6975
2468
4021
2188
739
4085
5389
4769
7983
7227
4071
7381
6380
243
8709
5439
3317
3627
3908
6045
6022
5504
9453
1838
534
3850
9363
6088
7976
9554
9528
2857
436
2929
5888
2974
3875
6349
9925
7293
5714
4343
177
9697
1209
4266
4982
6811
7525
7088
6488
